{
 "cells": [
  {
   "cell_type": "code",
   "execution_count": 1,
   "metadata": {},
   "outputs": [
    {
     "name": "stdout",
     "output_type": "stream",
     "text": [
      "('stitch_chem',)\n",
      "('stitch_protchem_man',)\n",
      "('string_protlink_man',)\n",
      "('chem_freq',)\n",
      "('chem_uniq',)\n",
      "('chem_hubs_orig',)\n",
      "('string_protlink_man905',)\n",
      "('chem_hubs',)\n",
      "('string_prots_910',)\n",
      "('stitch_chem40',)\n",
      "('chem_hubs_4_10',)\n",
      "('cid_prot_rank',)\n",
      "('spearman_table',)\n",
      "('akshai_chem_hubs',)\n"
     ]
    }
   ],
   "source": [
    "import sys\n",
    "import sqlite3\n",
    "import math\n",
    "import tqdm\n",
    "import itertools\n",
    "\n",
    "import pandas as pd\n",
    "\n",
    "conn = sqlite3.connect('/mnt/external-images-pvc/quantmap/qm_chem_fix.sqlite')\n",
    "c = conn.cursor()\n",
    "\n",
    "# List of tables in the db\n",
    "c.execute(\"SELECT name FROM sqlite_master WHERE type='table';\")\n",
    "for table in c.fetchall():\n",
    "    print (table)"
   ]
  },
  {
   "cell_type": "code",
   "execution_count": 2,
   "metadata": {},
   "outputs": [
    {
     "name": "stdout",
     "output_type": "stream",
     "text": [
      "(0, 'cid1', 'int(10)', 1, None, 0)\n",
      "(1, 'cid2', 'int(10)', 1, None, 0)\n",
      "(2, 'spearman_number', 'float', 1, None, 0)\n"
     ]
    }
   ],
   "source": [
    "c.execute(\"pragma table_info(spearman_table);\")\n",
    "#c.execute(\"select * from stitch_protchem_man limit 1;\")\n",
    "for entry in c.fetchall():\n",
    "    print (entry)"
   ]
  },
  {
   "cell_type": "code",
   "execution_count": 24,
   "metadata": {},
   "outputs": [
    {
     "name": "stdout",
     "output_type": "stream",
     "text": [
      "18\n"
     ]
    }
   ],
   "source": [
    "cid_output_file = open(\"cid_cluster_qmap_chemical.txt\",\"r\").readlines()\n",
    "cluster_actual = {}\n",
    "for entry in cid_output_file:\n",
    "    cluster_actual[int(entry.split()[0])] = int(entry.split()[1])\n",
    "print (len(cluster_actual))"
   ]
  },
  {
   "cell_type": "code",
   "execution_count": 535,
   "metadata": {},
   "outputs": [
    {
     "name": "stderr",
     "output_type": "stream",
     "text": [
      "                                      \r"
     ]
    }
   ],
   "source": [
    "input_file = open(\"distance_matrix_qmap_chemicals_out.csv\",\"r\").readlines()\n",
    "all_cid = []\n",
    "entire_data_dict = {}\n",
    "loop = tqdm.tqdm(enumerate(input_file), total=len(input_file),leave=False)\n",
    "for i,entry in loop:\n",
    "    if i != 0:\n",
    "        header = int(entry.split(\",\")[0].strip('\"'))\n",
    "        all_cid.append(header)\n",
    "        entire_data_dict[header] = [float(distance) for i,distance in enumerate(entry.split(\",\")) if i != 0]\n",
    "    "
   ]
  },
  {
   "cell_type": "code",
   "execution_count": 536,
   "metadata": {},
   "outputs": [],
   "source": [
    "def get_as_df(beginning,end,all_cid,entire_data_dict):\n",
    "    small_list = all_cid[beginning:end]\n",
    "    \n",
    "    distance_matrix = {}\n",
    "    for entry in small_list:\n",
    "        distance_matrix[entry] = entire_data_dict[entry]\n",
    "        \n",
    "    distancd_df = pd.DataFrame(distance_matrix)\n",
    "    distancd_df.columns = small_list\n",
    "    return (distancd_df,small_list)"
   ]
  },
  {
   "cell_type": "code",
   "execution_count": 569,
   "metadata": {},
   "outputs": [
    {
     "data": {
      "text/html": [
       "<div>\n",
       "<style scoped>\n",
       "    .dataframe tbody tr th:only-of-type {\n",
       "        vertical-align: middle;\n",
       "    }\n",
       "\n",
       "    .dataframe tbody tr th {\n",
       "        vertical-align: top;\n",
       "    }\n",
       "\n",
       "    .dataframe thead th {\n",
       "        text-align: right;\n",
       "    }\n",
       "</style>\n",
       "<table border=\"1\" class=\"dataframe\">\n",
       "  <thead>\n",
       "    <tr style=\"text-align: right;\">\n",
       "      <th></th>\n",
       "      <th>5757</th>\n",
       "      <th>448537</th>\n",
       "      <th>2733525</th>\n",
       "      <th>5035</th>\n",
       "      <th>104741</th>\n",
       "      <th>5280961</th>\n",
       "      <th>5281707</th>\n",
       "      <th>445154</th>\n",
       "      <th>6623</th>\n",
       "      <th>1752</th>\n",
       "      <th>3026</th>\n",
       "      <th>5281576</th>\n",
       "      <th>3224</th>\n",
       "      <th>3476</th>\n",
       "      <th>77999</th>\n",
       "      <th>2244</th>\n",
       "      <th>3672</th>\n",
       "      <th>3032</th>\n",
       "    </tr>\n",
       "  </thead>\n",
       "  <tbody>\n",
       "    <tr>\n",
       "      <th>0</th>\n",
       "      <td>0.000000</td>\n",
       "      <td>0.134263</td>\n",
       "      <td>0.309543</td>\n",
       "      <td>0.360175</td>\n",
       "      <td>0.280422</td>\n",
       "      <td>0.452440</td>\n",
       "      <td>0.356542</td>\n",
       "      <td>0.556355</td>\n",
       "      <td>0.000000</td>\n",
       "      <td>0.185351</td>\n",
       "      <td>0.791209</td>\n",
       "      <td>0.110810</td>\n",
       "      <td>0.628638</td>\n",
       "      <td>0.585925</td>\n",
       "      <td>0.529451</td>\n",
       "      <td>0.659751</td>\n",
       "      <td>0.653818</td>\n",
       "      <td>0.469112</td>\n",
       "    </tr>\n",
       "    <tr>\n",
       "      <th>1</th>\n",
       "      <td>0.134263</td>\n",
       "      <td>0.000000</td>\n",
       "      <td>0.318191</td>\n",
       "      <td>0.364986</td>\n",
       "      <td>0.324370</td>\n",
       "      <td>0.438777</td>\n",
       "      <td>0.316479</td>\n",
       "      <td>0.574261</td>\n",
       "      <td>0.196250</td>\n",
       "      <td>0.090393</td>\n",
       "      <td>0.850384</td>\n",
       "      <td>0.216913</td>\n",
       "      <td>0.635764</td>\n",
       "      <td>0.602302</td>\n",
       "      <td>0.543723</td>\n",
       "      <td>0.648999</td>\n",
       "      <td>0.658973</td>\n",
       "      <td>0.526126</td>\n",
       "    </tr>\n",
       "    <tr>\n",
       "      <th>2</th>\n",
       "      <td>0.309543</td>\n",
       "      <td>0.318191</td>\n",
       "      <td>0.000000</td>\n",
       "      <td>0.285942</td>\n",
       "      <td>0.082678</td>\n",
       "      <td>0.430901</td>\n",
       "      <td>0.355195</td>\n",
       "      <td>0.428460</td>\n",
       "      <td>0.351218</td>\n",
       "      <td>0.373767</td>\n",
       "      <td>0.911438</td>\n",
       "      <td>0.356268</td>\n",
       "      <td>0.497791</td>\n",
       "      <td>0.680673</td>\n",
       "      <td>0.557274</td>\n",
       "      <td>0.646825</td>\n",
       "      <td>0.666540</td>\n",
       "      <td>0.574479</td>\n",
       "    </tr>\n",
       "    <tr>\n",
       "      <th>3</th>\n",
       "      <td>0.360175</td>\n",
       "      <td>0.364986</td>\n",
       "      <td>0.285942</td>\n",
       "      <td>0.000000</td>\n",
       "      <td>0.324657</td>\n",
       "      <td>0.256351</td>\n",
       "      <td>0.321466</td>\n",
       "      <td>0.458851</td>\n",
       "      <td>0.388349</td>\n",
       "      <td>0.432479</td>\n",
       "      <td>0.955715</td>\n",
       "      <td>0.441422</td>\n",
       "      <td>0.207683</td>\n",
       "      <td>0.587882</td>\n",
       "      <td>0.534150</td>\n",
       "      <td>0.679796</td>\n",
       "      <td>0.698558</td>\n",
       "      <td>0.644328</td>\n",
       "    </tr>\n",
       "    <tr>\n",
       "      <th>4</th>\n",
       "      <td>0.280422</td>\n",
       "      <td>0.324370</td>\n",
       "      <td>0.082678</td>\n",
       "      <td>0.324657</td>\n",
       "      <td>0.000000</td>\n",
       "      <td>0.403555</td>\n",
       "      <td>0.367090</td>\n",
       "      <td>0.394647</td>\n",
       "      <td>0.271416</td>\n",
       "      <td>0.407118</td>\n",
       "      <td>0.865484</td>\n",
       "      <td>0.418431</td>\n",
       "      <td>0.497230</td>\n",
       "      <td>0.538961</td>\n",
       "      <td>0.470493</td>\n",
       "      <td>0.579073</td>\n",
       "      <td>0.580861</td>\n",
       "      <td>0.555303</td>\n",
       "    </tr>\n",
       "    <tr>\n",
       "      <th>5</th>\n",
       "      <td>0.452440</td>\n",
       "      <td>0.438777</td>\n",
       "      <td>0.430901</td>\n",
       "      <td>0.256351</td>\n",
       "      <td>0.403555</td>\n",
       "      <td>0.000000</td>\n",
       "      <td>0.343552</td>\n",
       "      <td>0.416376</td>\n",
       "      <td>0.487032</td>\n",
       "      <td>0.529647</td>\n",
       "      <td>0.983062</td>\n",
       "      <td>0.592497</td>\n",
       "      <td>0.418501</td>\n",
       "      <td>0.649672</td>\n",
       "      <td>0.600864</td>\n",
       "      <td>0.732455</td>\n",
       "      <td>0.764417</td>\n",
       "      <td>0.628807</td>\n",
       "    </tr>\n",
       "    <tr>\n",
       "      <th>6</th>\n",
       "      <td>0.356542</td>\n",
       "      <td>0.316479</td>\n",
       "      <td>0.355195</td>\n",
       "      <td>0.321466</td>\n",
       "      <td>0.367090</td>\n",
       "      <td>0.343552</td>\n",
       "      <td>0.000000</td>\n",
       "      <td>0.654687</td>\n",
       "      <td>0.379259</td>\n",
       "      <td>0.405560</td>\n",
       "      <td>0.923326</td>\n",
       "      <td>0.475087</td>\n",
       "      <td>0.518727</td>\n",
       "      <td>0.636410</td>\n",
       "      <td>0.615474</td>\n",
       "      <td>0.635210</td>\n",
       "      <td>0.677706</td>\n",
       "      <td>0.584627</td>\n",
       "    </tr>\n",
       "    <tr>\n",
       "      <th>7</th>\n",
       "      <td>0.556355</td>\n",
       "      <td>0.574261</td>\n",
       "      <td>0.428460</td>\n",
       "      <td>0.458851</td>\n",
       "      <td>0.394647</td>\n",
       "      <td>0.416376</td>\n",
       "      <td>0.654687</td>\n",
       "      <td>0.000000</td>\n",
       "      <td>0.574058</td>\n",
       "      <td>0.663686</td>\n",
       "      <td>0.984963</td>\n",
       "      <td>0.640001</td>\n",
       "      <td>0.580686</td>\n",
       "      <td>0.729166</td>\n",
       "      <td>0.636164</td>\n",
       "      <td>0.753153</td>\n",
       "      <td>0.756744</td>\n",
       "      <td>0.707395</td>\n",
       "    </tr>\n",
       "    <tr>\n",
       "      <th>8</th>\n",
       "      <td>0.000000</td>\n",
       "      <td>0.196250</td>\n",
       "      <td>0.351218</td>\n",
       "      <td>0.388349</td>\n",
       "      <td>0.271416</td>\n",
       "      <td>0.487032</td>\n",
       "      <td>0.379259</td>\n",
       "      <td>0.574058</td>\n",
       "      <td>0.000000</td>\n",
       "      <td>0.288880</td>\n",
       "      <td>0.871782</td>\n",
       "      <td>0.264431</td>\n",
       "      <td>0.685400</td>\n",
       "      <td>0.688907</td>\n",
       "      <td>0.573889</td>\n",
       "      <td>0.715861</td>\n",
       "      <td>0.718596</td>\n",
       "      <td>0.615852</td>\n",
       "    </tr>\n",
       "    <tr>\n",
       "      <th>9</th>\n",
       "      <td>0.185351</td>\n",
       "      <td>0.090393</td>\n",
       "      <td>0.373767</td>\n",
       "      <td>0.432479</td>\n",
       "      <td>0.407118</td>\n",
       "      <td>0.529647</td>\n",
       "      <td>0.405560</td>\n",
       "      <td>0.663686</td>\n",
       "      <td>0.288880</td>\n",
       "      <td>0.000000</td>\n",
       "      <td>0.891926</td>\n",
       "      <td>0.185968</td>\n",
       "      <td>0.678513</td>\n",
       "      <td>0.639362</td>\n",
       "      <td>0.616477</td>\n",
       "      <td>0.755846</td>\n",
       "      <td>0.746967</td>\n",
       "      <td>0.482024</td>\n",
       "    </tr>\n",
       "    <tr>\n",
       "      <th>10</th>\n",
       "      <td>0.791209</td>\n",
       "      <td>0.850384</td>\n",
       "      <td>0.911438</td>\n",
       "      <td>0.955715</td>\n",
       "      <td>0.865484</td>\n",
       "      <td>0.983062</td>\n",
       "      <td>0.923326</td>\n",
       "      <td>0.984963</td>\n",
       "      <td>0.871782</td>\n",
       "      <td>0.891926</td>\n",
       "      <td>0.000000</td>\n",
       "      <td>0.941751</td>\n",
       "      <td>1.000000</td>\n",
       "      <td>0.968656</td>\n",
       "      <td>0.922106</td>\n",
       "      <td>0.990546</td>\n",
       "      <td>0.892634</td>\n",
       "      <td>0.794611</td>\n",
       "    </tr>\n",
       "    <tr>\n",
       "      <th>11</th>\n",
       "      <td>0.110810</td>\n",
       "      <td>0.216913</td>\n",
       "      <td>0.356268</td>\n",
       "      <td>0.441422</td>\n",
       "      <td>0.418431</td>\n",
       "      <td>0.592497</td>\n",
       "      <td>0.475087</td>\n",
       "      <td>0.640001</td>\n",
       "      <td>0.264431</td>\n",
       "      <td>0.185968</td>\n",
       "      <td>0.941751</td>\n",
       "      <td>0.000000</td>\n",
       "      <td>0.694434</td>\n",
       "      <td>0.722910</td>\n",
       "      <td>0.680231</td>\n",
       "      <td>0.719501</td>\n",
       "      <td>0.712606</td>\n",
       "      <td>0.528567</td>\n",
       "    </tr>\n",
       "    <tr>\n",
       "      <th>12</th>\n",
       "      <td>0.628638</td>\n",
       "      <td>0.635764</td>\n",
       "      <td>0.497791</td>\n",
       "      <td>0.207683</td>\n",
       "      <td>0.497230</td>\n",
       "      <td>0.418501</td>\n",
       "      <td>0.518727</td>\n",
       "      <td>0.580686</td>\n",
       "      <td>0.685400</td>\n",
       "      <td>0.678513</td>\n",
       "      <td>1.000000</td>\n",
       "      <td>0.694434</td>\n",
       "      <td>0.000000</td>\n",
       "      <td>0.678520</td>\n",
       "      <td>0.593871</td>\n",
       "      <td>0.755734</td>\n",
       "      <td>0.672271</td>\n",
       "      <td>0.688360</td>\n",
       "    </tr>\n",
       "    <tr>\n",
       "      <th>13</th>\n",
       "      <td>0.585925</td>\n",
       "      <td>0.602302</td>\n",
       "      <td>0.680673</td>\n",
       "      <td>0.587882</td>\n",
       "      <td>0.538961</td>\n",
       "      <td>0.649672</td>\n",
       "      <td>0.636410</td>\n",
       "      <td>0.729166</td>\n",
       "      <td>0.688907</td>\n",
       "      <td>0.639362</td>\n",
       "      <td>0.968656</td>\n",
       "      <td>0.722910</td>\n",
       "      <td>0.678520</td>\n",
       "      <td>0.000000</td>\n",
       "      <td>0.465079</td>\n",
       "      <td>0.717769</td>\n",
       "      <td>0.702906</td>\n",
       "      <td>0.601804</td>\n",
       "    </tr>\n",
       "    <tr>\n",
       "      <th>14</th>\n",
       "      <td>0.529451</td>\n",
       "      <td>0.543723</td>\n",
       "      <td>0.557274</td>\n",
       "      <td>0.534150</td>\n",
       "      <td>0.470493</td>\n",
       "      <td>0.600864</td>\n",
       "      <td>0.615474</td>\n",
       "      <td>0.636164</td>\n",
       "      <td>0.573889</td>\n",
       "      <td>0.616477</td>\n",
       "      <td>0.922106</td>\n",
       "      <td>0.680231</td>\n",
       "      <td>0.593871</td>\n",
       "      <td>0.465079</td>\n",
       "      <td>0.000000</td>\n",
       "      <td>0.612458</td>\n",
       "      <td>0.650928</td>\n",
       "      <td>0.608285</td>\n",
       "    </tr>\n",
       "    <tr>\n",
       "      <th>15</th>\n",
       "      <td>0.659751</td>\n",
       "      <td>0.648999</td>\n",
       "      <td>0.646825</td>\n",
       "      <td>0.679796</td>\n",
       "      <td>0.579073</td>\n",
       "      <td>0.732455</td>\n",
       "      <td>0.635210</td>\n",
       "      <td>0.753153</td>\n",
       "      <td>0.715861</td>\n",
       "      <td>0.755846</td>\n",
       "      <td>0.990546</td>\n",
       "      <td>0.719501</td>\n",
       "      <td>0.755734</td>\n",
       "      <td>0.717769</td>\n",
       "      <td>0.612458</td>\n",
       "      <td>0.000000</td>\n",
       "      <td>0.344759</td>\n",
       "      <td>0.308393</td>\n",
       "    </tr>\n",
       "    <tr>\n",
       "      <th>16</th>\n",
       "      <td>0.653818</td>\n",
       "      <td>0.658973</td>\n",
       "      <td>0.666540</td>\n",
       "      <td>0.698558</td>\n",
       "      <td>0.580861</td>\n",
       "      <td>0.764417</td>\n",
       "      <td>0.677706</td>\n",
       "      <td>0.756744</td>\n",
       "      <td>0.718596</td>\n",
       "      <td>0.746967</td>\n",
       "      <td>0.892634</td>\n",
       "      <td>0.712606</td>\n",
       "      <td>0.672271</td>\n",
       "      <td>0.702906</td>\n",
       "      <td>0.650928</td>\n",
       "      <td>0.344759</td>\n",
       "      <td>0.000000</td>\n",
       "      <td>0.442417</td>\n",
       "    </tr>\n",
       "    <tr>\n",
       "      <th>17</th>\n",
       "      <td>0.469112</td>\n",
       "      <td>0.526126</td>\n",
       "      <td>0.574479</td>\n",
       "      <td>0.644328</td>\n",
       "      <td>0.555303</td>\n",
       "      <td>0.628807</td>\n",
       "      <td>0.584627</td>\n",
       "      <td>0.707395</td>\n",
       "      <td>0.615852</td>\n",
       "      <td>0.482024</td>\n",
       "      <td>0.794611</td>\n",
       "      <td>0.528567</td>\n",
       "      <td>0.688360</td>\n",
       "      <td>0.601804</td>\n",
       "      <td>0.608285</td>\n",
       "      <td>0.308393</td>\n",
       "      <td>0.442417</td>\n",
       "      <td>0.000000</td>\n",
       "    </tr>\n",
       "  </tbody>\n",
       "</table>\n",
       "</div>"
      ],
      "text/plain": [
       "     5757      448537    2733525   5035      104741    5280961   5281707  \\\n",
       "0   0.000000  0.134263  0.309543  0.360175  0.280422  0.452440  0.356542   \n",
       "1   0.134263  0.000000  0.318191  0.364986  0.324370  0.438777  0.316479   \n",
       "2   0.309543  0.318191  0.000000  0.285942  0.082678  0.430901  0.355195   \n",
       "3   0.360175  0.364986  0.285942  0.000000  0.324657  0.256351  0.321466   \n",
       "4   0.280422  0.324370  0.082678  0.324657  0.000000  0.403555  0.367090   \n",
       "5   0.452440  0.438777  0.430901  0.256351  0.403555  0.000000  0.343552   \n",
       "6   0.356542  0.316479  0.355195  0.321466  0.367090  0.343552  0.000000   \n",
       "7   0.556355  0.574261  0.428460  0.458851  0.394647  0.416376  0.654687   \n",
       "8   0.000000  0.196250  0.351218  0.388349  0.271416  0.487032  0.379259   \n",
       "9   0.185351  0.090393  0.373767  0.432479  0.407118  0.529647  0.405560   \n",
       "10  0.791209  0.850384  0.911438  0.955715  0.865484  0.983062  0.923326   \n",
       "11  0.110810  0.216913  0.356268  0.441422  0.418431  0.592497  0.475087   \n",
       "12  0.628638  0.635764  0.497791  0.207683  0.497230  0.418501  0.518727   \n",
       "13  0.585925  0.602302  0.680673  0.587882  0.538961  0.649672  0.636410   \n",
       "14  0.529451  0.543723  0.557274  0.534150  0.470493  0.600864  0.615474   \n",
       "15  0.659751  0.648999  0.646825  0.679796  0.579073  0.732455  0.635210   \n",
       "16  0.653818  0.658973  0.666540  0.698558  0.580861  0.764417  0.677706   \n",
       "17  0.469112  0.526126  0.574479  0.644328  0.555303  0.628807  0.584627   \n",
       "\n",
       "     445154    6623      1752      3026      5281576   3224      3476     \\\n",
       "0   0.556355  0.000000  0.185351  0.791209  0.110810  0.628638  0.585925   \n",
       "1   0.574261  0.196250  0.090393  0.850384  0.216913  0.635764  0.602302   \n",
       "2   0.428460  0.351218  0.373767  0.911438  0.356268  0.497791  0.680673   \n",
       "3   0.458851  0.388349  0.432479  0.955715  0.441422  0.207683  0.587882   \n",
       "4   0.394647  0.271416  0.407118  0.865484  0.418431  0.497230  0.538961   \n",
       "5   0.416376  0.487032  0.529647  0.983062  0.592497  0.418501  0.649672   \n",
       "6   0.654687  0.379259  0.405560  0.923326  0.475087  0.518727  0.636410   \n",
       "7   0.000000  0.574058  0.663686  0.984963  0.640001  0.580686  0.729166   \n",
       "8   0.574058  0.000000  0.288880  0.871782  0.264431  0.685400  0.688907   \n",
       "9   0.663686  0.288880  0.000000  0.891926  0.185968  0.678513  0.639362   \n",
       "10  0.984963  0.871782  0.891926  0.000000  0.941751  1.000000  0.968656   \n",
       "11  0.640001  0.264431  0.185968  0.941751  0.000000  0.694434  0.722910   \n",
       "12  0.580686  0.685400  0.678513  1.000000  0.694434  0.000000  0.678520   \n",
       "13  0.729166  0.688907  0.639362  0.968656  0.722910  0.678520  0.000000   \n",
       "14  0.636164  0.573889  0.616477  0.922106  0.680231  0.593871  0.465079   \n",
       "15  0.753153  0.715861  0.755846  0.990546  0.719501  0.755734  0.717769   \n",
       "16  0.756744  0.718596  0.746967  0.892634  0.712606  0.672271  0.702906   \n",
       "17  0.707395  0.615852  0.482024  0.794611  0.528567  0.688360  0.601804   \n",
       "\n",
       "     77999     2244      3672      3032     \n",
       "0   0.529451  0.659751  0.653818  0.469112  \n",
       "1   0.543723  0.648999  0.658973  0.526126  \n",
       "2   0.557274  0.646825  0.666540  0.574479  \n",
       "3   0.534150  0.679796  0.698558  0.644328  \n",
       "4   0.470493  0.579073  0.580861  0.555303  \n",
       "5   0.600864  0.732455  0.764417  0.628807  \n",
       "6   0.615474  0.635210  0.677706  0.584627  \n",
       "7   0.636164  0.753153  0.756744  0.707395  \n",
       "8   0.573889  0.715861  0.718596  0.615852  \n",
       "9   0.616477  0.755846  0.746967  0.482024  \n",
       "10  0.922106  0.990546  0.892634  0.794611  \n",
       "11  0.680231  0.719501  0.712606  0.528567  \n",
       "12  0.593871  0.755734  0.672271  0.688360  \n",
       "13  0.465079  0.717769  0.702906  0.601804  \n",
       "14  0.000000  0.612458  0.650928  0.608285  \n",
       "15  0.612458  0.000000  0.344759  0.308393  \n",
       "16  0.650928  0.344759  0.000000  0.442417  \n",
       "17  0.608285  0.308393  0.442417  0.000000  "
      ]
     },
     "execution_count": 569,
     "metadata": {},
     "output_type": "execute_result"
    }
   ],
   "source": [
    "distancd_df,small_list = get_as_df(0,18,all_cid,entire_data_dict)\n",
    "distancd_df"
   ]
  },
  {
   "cell_type": "code",
   "execution_count": 578,
   "metadata": {},
   "outputs": [
    {
     "data": {
      "text/plain": [
       "3032"
      ]
     },
     "execution_count": 578,
     "metadata": {},
     "output_type": "execute_result"
    }
   ],
   "source": [
    "#for col in distancd_df.columns: \n",
    "#    print(col)\n",
    "distancd_df.columns[0]"
   ]
  },
  {
   "cell_type": "code",
   "execution_count": null,
   "metadata": {},
   "outputs": [],
   "source": [
    "{0: [5280961,104741,5281576,5035,5281707,3476,2733525,1752,448537,5757,6623],\n",
    " 1: [3026],\n",
    " 2: [3224, 445154, 77999],\n",
    " 3: [3672, 2244, 3032]}"
   ]
  },
  {
   "cell_type": "code",
   "execution_count": 739,
   "metadata": {},
   "outputs": [],
   "source": [
    "batch_size = 2\n",
    "number_of_batches = math.ceil(len(all_cid)/batch_size)"
   ]
  },
  {
   "cell_type": "code",
   "execution_count": 769,
   "metadata": {},
   "outputs": [
    {
     "name": "stdout",
     "output_type": "stream",
     "text": [
      "CPU times: user 0 ns, sys: 0 ns, total: 0 ns\n",
      "Wall time: 37.2 µs\n"
     ]
    }
   ],
   "source": [
    "%%time\n",
    "min_dist = 0.6\n",
    "cids = all_cid\n",
    "\n",
    "clusters = {}\n",
    "cluster_leaf_dist = {}\n",
    "check_list = set()\n",
    "cluster_output = {}"
   ]
  },
  {
   "cell_type": "code",
   "execution_count": 770,
   "metadata": {},
   "outputs": [
    {
     "name": "stderr",
     "output_type": "stream",
     "text": [
      "                                                                                          \r"
     ]
    }
   ],
   "source": [
    "for i in range(number_of_batches):\n",
    "    \n",
    "    if i + 1 == number_of_batches:\n",
    "        beginning = i * batch_size\n",
    "        end = len(cids)\n",
    "    else:\n",
    "        beginning = i * batch_size\n",
    "        end = (i + 1) * batch_size\n",
    "         \n",
    "    distancd_df,small_list = get_as_df(beginning,end,all_cid,entire_data_dict)\n",
    "    \n",
    "    df = distancd_df\n",
    "    \n",
    "    total_data_points = len(df)\n",
    "    \n",
    "    \n",
    "    # For each datapoint (i.e., all the cids) find the distance with the cid in batch \n",
    "    # Then choose the one with distance less than the min_distance given\n",
    "    # Then use that to make a dict of clusters of format\n",
    "    # {all_cid1 : [batch_cids1],all_cid2: [batch_cids2]}\n",
    "    # batch_cids1 and batch_cids2 etc are cids with length less than min distance\n",
    "    # And also cluster_leaf_dist with format\n",
    "    # {all_cid1 : [batch_cids1_distance],all_cid2: [batch_cids2_distance]}\n",
    "    \n",
    "    loop = tqdm.tqdm(range(total_data_points), total=total_data_points,leave=False)\n",
    "    \n",
    "    for j in loop:\n",
    "        do_cluster = True\n",
    "        \n",
    "        if cids[j]  in check_list:\n",
    "            do_cluster = False\n",
    "            \n",
    "        if do_cluster:\n",
    "            df1 = df.iloc[j][df.iloc[j] < min_dist]\n",
    "            cluster_leaf_dist[cids[j]] = list(df1)#[ distance if distance <= (min_dist * 0.5) else 0 for distance in list(df1)]\n",
    "            #print (cluster_leaf_dist[cids[j]])\n",
    "            clusters[cids[j]] = list(map(int,df1.index))\n",
    "            \n",
    "            if len(check_list) != (batch_size * (i + 1)):\n",
    "                a = list(clusters.values())[-1]\n",
    "                check_list.update(a)\n",
    "                \n",
    "        loop.set_description(\"Batch \" + str(i+1) + \"/\" + str(number_of_batches))\n",
    "    \n",
    "    \n",
    "    \n",
    "    # Find number of occurance of each label in different clusters\n",
    "    # For each {all_cid1 : [batch_cids1],all_cid2: [batch_cids2]}\n",
    "    # {batch_cids1_1 : occurance,batch_cids1_2:occurance ...}\n",
    "    \n",
    "    label_dict = {entry : 0 for entry in cids[0:end]}\n",
    "    for label_list in list(clusters.values()):\n",
    "        for entry in label_list:\n",
    "            label_dict[entry] += 1\n",
    "    \n",
    "    # For each {batch_cids1_1 : occurance,batch_cids1_2:occurance ...}\n",
    "    # if occurance > 1\n",
    "    # batch_cids1_1\n",
    "    loop = tqdm.tqdm(label_dict, total=len(label_dict),leave=False)      \n",
    "    # Find the one with more than one occurance and remove from the clusters\n",
    "    for leaf in loop:\n",
    "        if label_dict[leaf] > 1:\n",
    "            leaf_index = small_list.index(leaf)\n",
    "            root_leaf_distance = {}\n",
    "            root_list = []\n",
    "            reached_limit = False\n",
    "            \n",
    "            root_leaf_same = False\n",
    "            # Find the distance for the leaf in each root/cluster centers\n",
    "            i = 0\n",
    "            for root in clusters:\n",
    "                if len(root_leaf_distance) == label_dict[leaf]:\n",
    "                    reached_limit = True\n",
    "                    break\n",
    "                if not reached_limit:\n",
    "                    if leaf in clusters[root]:\n",
    "                        #root_index = cids.index(root)\n",
    "                        root_list.append(root)\n",
    "                        root_leaf_distance[root] = cluster_leaf_dist[root][clusters[root].index(leaf)] + (0.0000001*i) #m.iloc[root_index,leaf_index]\n",
    "                        if root == leaf:\n",
    "                            root_leaf_distance[root] = cluster_leaf_dist[root][clusters[root].index(leaf)]\n",
    "                            root_leaf_same = True\n",
    "                            root_leaf_cid = root\n",
    "                        i += 1\n",
    "                                \n",
    "            assert (len(root_leaf_distance) == label_dict[leaf])\n",
    "            \n",
    "            root_leaf_distance_values = list(root_leaf_distance.values())\n",
    "            root_leaf_distance_keys = list(root_leaf_distance.keys())\n",
    "            \n",
    "            if not root_leaf_same:\n",
    "                # Find the root with least distance\n",
    "                min_value_index = root_leaf_distance_values.index(min(root_leaf_distance_values))\n",
    "                belongs_to_root = root_list[min_value_index]\n",
    "\n",
    "                # Remove the element from the cluster for the non-root\n",
    "                root_list.remove(belongs_to_root)\n",
    "            \n",
    "            else:\n",
    "                # Sort distance to find the second least distance if leaf == root in the above loop\n",
    "                # This is to avoid self falling into the cluster with len 0\n",
    "                sorted_distance = sorted(root_leaf_distance_values)\n",
    "                \n",
    "                # Remove the element from the cluster for the non-root\n",
    "                second_minimum = sorted_distance[1]\n",
    "                #print (root_leaf_cid,root_list[root_leaf_distance_values.index(first_minimum)],root_list[root_leaf_distance_values.index(second_minimum)])\n",
    "                #if root_list[root_leaf_distance_values.index(first_minimum)] == root_leaf_cid:\n",
    "                #    second_min_distance = second_minimum\n",
    "                #else:\n",
    "                #    second_min_distance = first_minimum\n",
    "                second_min_distance = second_minimum\n",
    "                if second_min_distance <= min_dist:\n",
    "                    min_value_index = root_leaf_distance_values.index(second_min_distance)\n",
    "                    belongs_to_root = root_list[min_value_index]\n",
    "                else:\n",
    "                    min_value_index = root_leaf_distance_values.index(min(root_leaf_distance_values))\n",
    "                    belongs_to_root = root_list[min_value_index]\n",
    "                root_list.remove(belongs_to_root)\n",
    "                \n",
    "            for entry in root_list:\n",
    "                #print (leaf)\n",
    "                clusters[entry].remove(leaf)\n",
    "        loop.set_description(\"Finding and sorting the data to clusters Batch \" + str(i+1) + \"/\" + str(number_of_batches))\n",
    "        \n",
    "    #print (cluster_output)\n",
    "    for entry in clusters:\n",
    "        if entry not in cluster_output:\n",
    "            cluster_output[entry] = []\n",
    "            cluster_output[entry].extend(clusters[entry])\n",
    "        else:\n",
    "            for entry1 in clusters[entry]:\n",
    "                cluster_output[entry].append(entry1)\n",
    "                cluster_output[entry] = list(set(cluster_output[entry]))\n",
    "            \n",
    "    #print (cluster_output)\n",
    "    #for entry in clusters:\n",
    "    #    if len(clusters[entry]) == 0:\n",
    "    #        del clusters[entry]\n",
    "    #print (len(clusters))\n",
    "    #for entry in clusters:\n",
    "    #    if len(clusters[entry]) > 0:\n",
    "    #        print (entry,len(clusters[entry]))"
   ]
  },
  {
   "cell_type": "code",
   "execution_count": 771,
   "metadata": {},
   "outputs": [
    {
     "name": "stdout",
     "output_type": "stream",
     "text": [
      "{5757: [448537], 2733525: [], 5035: [5280961, 5035, 5281707, 3476, 3224], 104741: [2733525], 5280961: [445154], 5281707: [], 445154: [], 6623: [5281576, 104741, 5757], 1752: [], 3026: [3026], 5281576: [1752, 6623], 3224: [], 3476: [77999], 77999: [], 2244: [], 3672: [3032], 3032: [3672, 2244]}\n"
     ]
    }
   ],
   "source": [
    "print (cluster_output)"
   ]
  },
  {
   "cell_type": "code",
   "execution_count": 772,
   "metadata": {},
   "outputs": [],
   "source": [
    "final_output = {entry: [] for entry in cluster_output}\n",
    "for entry in cluster_output:\n",
    "    if len(cluster_output[entry]) > 0:\n",
    "        for entry1 in cluster_output[entry]:\n",
    "            if entry1 in final_output:\n",
    "                if len(final_output[entry1]) > 0:\n",
    "                    final_output[entry1].append(entry1)\n",
    "                    final_output[entry1].extend(cluster_output[entry1])\n",
    "                    final_output[entry1] = list(set(final_output[entry1]))\n",
    "                    cluster_output[entry1] = []\n",
    "                else:\n",
    "                    final_output[entry].append(entry1)\n",
    "                    final_output[entry].extend(cluster_output[entry1])\n",
    "                    final_output[entry] = list(set(final_output[entry]))\n",
    "                    cluster_output[entry1] = []\n",
    "            else:\n",
    "                final_output[entry].append(entry1)\n",
    "                try:\n",
    "                    final_output[entry].extend(cluster_output[entry1])\n",
    "                    final_output[entry] = list(set(final_output[entry]))\n",
    "                except:\n",
    "                    final_output[entry] = list(set(final_output[entry]))"
   ]
  },
  {
   "cell_type": "code",
   "execution_count": 778,
   "metadata": {},
   "outputs": [
    {
     "data": {
      "text/plain": [
       "{5757: [448537, 5757],\n",
       " 2733525: [],\n",
       " 5035: [5280961, 445154, 5035, 5281707, 77999, 3476, 3224],\n",
       " 104741: [104741, 2733525],\n",
       " 5280961: [],\n",
       " 5281707: [],\n",
       " 445154: [],\n",
       " 6623: [5281576, 6623, 1752],\n",
       " 1752: [],\n",
       " 3026: [3026],\n",
       " 5281576: [],\n",
       " 3224: [],\n",
       " 3476: [],\n",
       " 77999: [],\n",
       " 2244: [],\n",
       " 3672: [3032, 3672, 2244],\n",
       " 3032: []}"
      ]
     },
     "execution_count": 778,
     "metadata": {},
     "output_type": "execute_result"
    }
   ],
   "source": [
    "final_output"
   ]
  },
  {
   "cell_type": "code",
   "execution_count": 774,
   "metadata": {},
   "outputs": [],
   "source": [
    "#final_output"
   ]
  },
  {
   "cell_type": "code",
   "execution_count": 775,
   "metadata": {},
   "outputs": [],
   "source": [
    "cluster_dict = {}\n",
    "check_list = []\n",
    "i = 0\n",
    "for entry in final_output:\n",
    "    if len(final_output[entry]) > 0:\n",
    "        cluster_dict[i] = final_output[entry]\n",
    "        for entry1 in final_output[entry]:\n",
    "            check_list.append(entry1)\n",
    "        i += 1"
   ]
  },
  {
   "cell_type": "code",
   "execution_count": 776,
   "metadata": {},
   "outputs": [
    {
     "data": {
      "text/plain": [
       "(18, 6)"
      ]
     },
     "execution_count": 776,
     "metadata": {},
     "output_type": "execute_result"
    }
   ],
   "source": [
    "len(set(check_list)),len(cluster_dict)"
   ]
  },
  {
   "cell_type": "code",
   "execution_count": 777,
   "metadata": {},
   "outputs": [
    {
     "data": {
      "text/plain": [
       "{0: [448537, 5757],\n",
       " 1: [5280961, 445154, 5035, 5281707, 77999, 3476, 3224],\n",
       " 2: [104741, 2733525],\n",
       " 3: [5281576, 6623, 1752],\n",
       " 4: [3026],\n",
       " 5: [3032, 3672, 2244]}"
      ]
     },
     "execution_count": 777,
     "metadata": {},
     "output_type": "execute_result"
    }
   ],
   "source": [
    "cluster_dict"
   ]
  },
  {
   "cell_type": "code",
   "execution_count": 749,
   "metadata": {},
   "outputs": [],
   "source": [
    "#for entry in cluster_dict:\n",
    "#    if len(cluster_dict[entry]) > 1:\n",
    "#        print (entry,cluster_dict[entry])"
   ]
  },
  {
   "cell_type": "code",
   "execution_count": 750,
   "metadata": {},
   "outputs": [],
   "source": [
    "cluster_leader = {}\n",
    "check_list = []\n",
    "for entry in cluster_dict:\n",
    "    #if len(cluster_dict[entry]) > 0:\n",
    "    for entry1 in cluster_dict[entry]:\n",
    "        cluster_leader[entry1] = entry\n",
    "        check_list.append(entry1)\n",
    "    #else:\n",
    "    #    check_list.append(entry)\n",
    "    #    cluster_leader[entry] = entry"
   ]
  },
  {
   "cell_type": "code",
   "execution_count": 751,
   "metadata": {},
   "outputs": [
    {
     "data": {
      "text/plain": [
       "(18, 15, 18, 18)"
      ]
     },
     "execution_count": 751,
     "metadata": {},
     "output_type": "execute_result"
    }
   ],
   "source": [
    "len(set(check_list)),len(cluster_dict),len(cluster_leader),len(cluster_actual)"
   ]
  },
  {
   "cell_type": "code",
   "execution_count": 752,
   "metadata": {},
   "outputs": [
    {
     "data": {
      "text/plain": [
       "18"
      ]
     },
     "execution_count": 752,
     "metadata": {},
     "output_type": "execute_result"
    }
   ],
   "source": [
    "len(cluster_leader)"
   ]
  },
  {
   "cell_type": "code",
   "execution_count": 754,
   "metadata": {},
   "outputs": [
    {
     "name": "stdout",
     "output_type": "stream",
     "text": [
      "18\n"
     ]
    }
   ],
   "source": [
    "cid_output_file = open(\"cid_cluster_qmap_chemical.txt\",\"r\").readlines()\n",
    "cluster_actual = {}\n",
    "for entry in cid_output_file:\n",
    "    cluster_actual[int(entry.split()[0])] = int(entry.split()[1])\n",
    "print (len(cluster_actual))"
   ]
  },
  {
   "cell_type": "code",
   "execution_count": 755,
   "metadata": {},
   "outputs": [],
   "source": [
    "# Comaprison of K-mean and K-mean distance matrix\n",
    "# Given two dict, it compares the overlap (dict of cid and cluster)\n",
    "# Perfect overlap will have each label having list of one high number and rest all zero\n",
    "def find_cluster_overlap(dict1,dict2):\n",
    "    \n",
    "    dict_1_clusters = {int(dict1[entry]) : [] for entry in dict1.keys()}\n",
    "    for entry in dict1.keys():\n",
    "        dict_1_clusters[int(dict1[entry])].append(int(entry))\n",
    "    \n",
    "    dict_2_clusters = {int(dict2[entry]) : [] for entry in dict2.keys()}\n",
    "    for entry in dict2.keys():\n",
    "        dict_2_clusters[int(dict2[entry])].append(int(entry))\n",
    "        \n",
    "    all_label_clustered = {int(dict1[entry]) : [0 for entry in dict_2_clusters.keys()] for entry in dict1.keys()}\n",
    "    \n",
    "    for label1 in dict_1_clusters:\n",
    "        for label2 in dict_2_clusters:\n",
    "            for entry in dict_1_clusters[label1]:\n",
    "                if entry in dict_2_clusters[label2]:\n",
    "                    all_label_clustered[label1][label2] += 1\n",
    "                    \n",
    "    total = 0\n",
    "    for entry in all_label_clustered:\n",
    "        total += sum(all_label_clustered[entry])\n",
    "    return (total,all_label_clustered)\n",
    "total_clusters,label_overlap = find_cluster_overlap(cluster_actual,cluster_leader)\n",
    "#18 {4: [5, 1, 0, 0, 1], 0: [0, 4, 0, 0, 1], 3: [0, 0, 0, 1, 0], 2: [0, 0, 0, 0, 2], 1: [0, 0, 3, 0, 0]}"
   ]
  },
  {
   "cell_type": "code",
   "execution_count": 756,
   "metadata": {},
   "outputs": [
    {
     "name": "stdout",
     "output_type": "stream",
     "text": [
      "2 [0, 0, 0, 0, 0, 0, 2, 0, 0, 0, 0, 0, 0, 0, 0]\n",
      "0 [1, 0, 0, 0, 0, 0, 0, 1, 0, 0, 0, 0, 0, 0, 0]\n",
      "1 [0, 2, 0, 0, 0, 0, 0, 0, 0, 0, 0, 0, 0, 0, 0]\n",
      "14 [0, 0, 1, 0, 0, 0, 0, 0, 0, 0, 0, 0, 0, 0, 0]\n",
